accuracy:0.16666666666666666
f1_micro:0.16666666666666666
f1_macro:0.16666666666666666
f1_weighted:0.2222222222222222
ece:0.5698202848434448
nll:1.2615116834640503
brier:0.17038343846797943