accuracy:0.6666666666666666
f1_micro:0.6666666666666666
f1_macro:0.45
f1_weighted:0.6
ece:0.3007955849170685
nll:1.2232996225357056
brier:0.16423864662647247