classification_Heartbeat_TimesNet_PDM_03_ftM_sl96_ll48_pl96_dm128_nh8_el3_dl1_df256_expand2_dc4_fc1_ebtimeF_dtTrue_Exp_0  
accuracy:0.74
f1_micro:0.74
f1_macro:0.5094448449891854
f1_weighted:0.6780809558141931
ece:0.39206773042678833
nll:1.0824307203292847
brier:0.2186620682477951

