accuracy:0.5416666666666666
f1_micro:0.5416666666666666
f1_macro:0.35135135135135137
f1_weighted:0.38063063063063063
ece:0.10895714163780212
nll:0.7219589352607727
brier:0.2642211616039276