accuracy:0.9571014782261287
f1_micro:0.9571014782261287
f1_macro:0.2770665167006837
f1_weighted:0.9372790548779599
ece:0.4935171604156494
nll:0.8034778833389282
brier:0.10109284520149231