accuracy:0.18510204081632653
f1_micro:0.18510204081632653
f1_macro:0.12186330322054718
f1_weighted:0.12660392722224229
ece:0.009710878133773804
nll:1.7970033884048462
brier:0.1391785591840744