accuracy:0.5842645290581162
f1_micro:0.5842645290581162
f1_macro:0.4751771694810635
f1_weighted:0.6187409297332375
ece:0.4791140556335449
nll:0.9867287874221802
brier:0.38955023884773254