classification_Heartbeat_FiLM_PDM_03_ftM_sl96_ll48_pl96_dm128_nh8_el3_dl1_df256_expand2_dc4_fc1_ebtimeF_dtTrue_Exp_0  
accuracy:0.7914285714285715
f1_micro:0.7914285714285715
f1_macro:0.5371595698095318
f1_weighted:0.7288478418449131
ece:0.2979896664619446
nll:0.7360063195228577
brier:0.13544707000255585

