classification_Heartbeat_iTransformer_PDM_18_ftM_sl149_ll48_pl0_dm128_nh8_el3_dl1_df256_expand2_dc4_fc1_ebtimeF_dtTrue_Exp_0  
accuracy:0.08333333333333333
f1_micro:0.08333333333333333
f1_macro:0.08
f1_weighted:0.13333333333333333
ece:0.39180266857147217
nll:1.770816445350647
brier:0.17719094455242157

