classification_Heartbeat_PatchTST_PDM_03_ftM_sl96_ll48_pl96_dm128_nh8_el3_dl1_df256_expand2_dc4_fc1_ebtimeF_dtTrue_Exp_0  
accuracy:0.8571428571428571
f1_micro:0.8571428571428571
f1_macro:0.7269092675702208
f1_weighted:0.8425489697842873
ece:0.35452330112457275
nll:0.7098232507705688
brier:0.13013985753059387

