classification_Heartbeat_FreTS_PDM_18_ftM_sl149_ll48_pl0_dm128_nh8_el3_dl1_df256_expand2_dc4_fc1_ebtimeF_dtTrue_Exp_0  
accuracy:0.16666666666666666
f1_micro:0.16666666666666666
f1_macro:0.13333333333333333
f1_weighted:0.2222222222222222
ece:0.2460537850856781
nll:1.7491453886032104
brier:0.17458899319171906

