classification_Heartbeat_Crossformer_PDM_03_ftM_sl96_ll48_pl96_dm128_nh8_el3_dl1_df256_expand2_dc4_fc1_ebtimeF_dtTrue_Exp_0  
accuracy:0.8571428571428571
f1_micro:0.8571428571428571
f1_macro:0.7420853130833578
f1_weighted:0.8533800786148238
ece:0.36622822284698486
nll:0.731439471244812
brier:0.13487908244132996

