accuracy:0.5416666666666666
f1_micro:0.5416666666666666
f1_macro:0.5208711433756805
f1_weighted:0.529189352692075
ece:0.18363907933235168
nll:0.7351183295249939
brier:0.2691946029663086