classification_Heartbeat_FreTS_PDM_03_ftM_sl17_ll48_pl0_dm128_nh8_el3_dl1_df256_expand2_dc4_fc1_ebtimeF_dtTrue_Exp_0  
accuracy:0.9342857142857143
f1_micro:0.9342857142857143
f1_macro:0.88148324315754
f1_weighted:0.9334769350989103
ece:0.3955421447753906
nll:0.6030194759368896
brier:0.1028502956032753

