accuracy:0.2134509018036072
f1_micro:0.2134509018036072
f1_macro:0.18512444471942452
f1_weighted:0.09396681486641816
ece:0.4882233440876007
nll:1.0265049934387207
brier:0.4046315550804138