accuracy:0.4690224873795319
f1_micro:0.4690224873795319
f1_macro:0.4203217809191429
f1_weighted:0.3789658942892831
ece:0.2105293720960617
nll:1.1724313497543335
brier:0.1587591916322708