accuracy:0.3580370222399787
f1_micro:0.3580370222399787
f1_macro:0.154424067997161
f1_weighted:0.5068378549135425
ece:0.4960852563381195
nll:0.8142484426498413
brier:0.10279382765293121