accuracy:0.8407118055555556
f1_micro:0.8407118055555556
f1_macro:0.8408299030821323
f1_weighted:0.8405730078847164
ece:0.40650689601898193
nll:0.9237840175628662
brier:0.12003115564584732