classification_Heartbeat_TimeXer_PDM_03_ftM_sl96_ll48_pl96_dm128_nh8_el3_dl1_df256_expand2_dc4_fc1_ebtimeF_dtTrue_Exp_0  
accuracy:0.7942857142857143
f1_micro:0.7942857142857144
f1_macro:0.5390070921985816
f1_weighted:0.7308206686930091
ece:0.31792300939559937
nll:0.7690828442573547
brier:0.14353324472904205

