accuracy:0.16666666666666666
f1_micro:0.16666666666666666
f1_macro:0.1218430117665883
f1_weighted:0.1563235158119169
ece:0.13490289449691772
nll:1.6682273149490356
brier:0.16504883766174316