accuracy:0.08550846946771958
f1_micro:0.08550846946771958
f1_macro:0.05902315255909094
f1_weighted:0.08211074839845217
ece:0.16469067335128784
nll:1.6186248064041138
brier:0.16097941994667053