accuracy:0.5907482993197279
f1_micro:0.5907482993197279
f1_macro:0.5884540204803494
f1_weighted:0.5913895151035667
ece:0.4113723635673523
nll:1.9101084470748901
brier:0.07961057126522064