accuracy:0.12136054421768708
f1_micro:0.12136054421768708
f1_macro:0.06995465244762566
f1_weighted:0.07345379105511753
ece:0.02491109073162079
nll:2.302952289581299
brier:0.09000734239816666