accuracy:0.3984375
f1_micro:0.3984375
f1_macro:0.34694377311823527
f1_weighted:0.38598323603088347
ece:0.08121398091316223
nll:1.3280266523361206
brier:0.18038000166416168