classification_Heartbeat_TimeXer_PDM_19_ftM_sl3600_ll48_pl0_dm128_nh8_el3_dl1_df256_expand2_dc4_fc1_ebtimeF_dtTrue_Exp_0  
accuracy:0.9964539007092199
f1_micro:0.9964539007092199
f1_macro:0.99553278150046
f1_weighted:0.9964650827329985
ece:0.74299156665802
nll:1.375792384147644
brier:0.06977995485067368

