classification_Heartbeat_PAttn_PDM_03_ftM_sl96_ll48_pl96_dm128_nh8_el3_dl1_df256_expand2_dc4_fc1_ebtimeF_dtTrue_Exp_0  
accuracy:0.9
f1_micro:0.9
f1_macro:0.8185800378966666
f1_weighted:0.896141404795619
ece:0.3785746693611145
nll:0.6823921203613281
brier:0.12310457974672318

