accuracy:0.14285714285714285
f1_micro:0.14285714285714285
f1_macro:0.0658417564292108
f1_weighted:0.06263433969872735
ece:0.2213612049818039
nll:1.7154830694198608
brier:0.17092427611351013