classification_Heartbeat_TimeXer_PDM_04_ftM_sl17_ll48_pl0_dm128_nh8_el3_dl1_df256_expand2_dc4_fc1_ebtimeF_dtTrue_Exp_0  
accuracy:0.7768089337616644
f1_micro:0.7768089337616644
f1_macro:0.6837108649360766
f1_weighted:0.7559880494121834
ece:0.3340522050857544
nll:0.9684193134307861
brier:0.12657947838306427

