classification_Heartbeat_Nonstationary_Transformer_PDM_17_ftM_sl101_ll48_pl0_dm128_nh8_el3_dl1_df256_expand2_dc4_fc1_ebtimeF_dtTrue_Exp_0  
accuracy:0.3333333333333333
f1_micro:0.3333333333333333
f1_macro:0.39285714285714285
f1_weighted:0.3015873015873016
ece:0.2562500536441803
nll:1.3956762552261353
brier:0.18864761292934418

