accuracy:0.0034693877551020408
f1_micro:0.0034693877551020408
f1_macro:0.003335175589905131
f1_weighted:0.003466485663386665
ece:0.33343130350112915
nll:2.0244874954223633
brier:0.15634800493717194