accuracy:0.005967809994574718
f1_micro:0.005967809994574718
f1_macro:0.19143357000107042
f1_weighted:0.006111780304567314
ece:0.3955167531967163
nll:1.8958477973937988
brier:0.18989741802215576