classification_Heartbeat_MLP_PDM_02_ftM_sl654_ll48_pl0_dm128_nh8_el3_dl1_df256_expand2_dc4_fc1_ebtimeF_dtTrue_Exp_0  
accuracy:0.9863850584744284
f1_micro:0.9863850584744284
f1_macro:0.9850049625154332
f1_weighted:0.9863753314720537
ece:0.6756844520568848
nll:1.1802151203155518
brier:0.07981279492378235

