classification_Heartbeat_FreTS_PDM_03_ftM_sl96_ll48_pl96_dm128_nh8_el3_dl1_df256_expand2_dc4_fc1_ebtimeF_dtTrue_Exp_0  
accuracy:0.7971428571428572
f1_micro:0.797142857142857
f1_macro:0.7562716033378284
f1_weighted:0.8013416801431733
ece:0.45425939559936523
nll:1.073757290840149
brier:0.2167646884918213

