classification_Heartbeat_TimeMixer_PDM_03_ftM_sl17_ll48_pl0_dm128_nh8_el3_dl1_df256_expand2_dc4_fc1_ebtimeF_dtTrue_Exp_0  
accuracy:0.9371428571428572
f1_micro:0.9371428571428572
f1_macro:0.8867506137641561
f1_weighted:0.9364857618029394
ece:0.38798457384109497
nll:0.6034768223762512
brier:0.10280334949493408

