accuracy:0.9831727091938198
f1_micro:0.9831727091938198
f1_macro:0.980083433662198
f1_weighted:0.9831719020804758
ece:0.511296808719635
nll:0.7623230814933777
brier:0.09469053894281387