classification_Heartbeat_Pyraformer_PDM_18_ftM_sl149_ll48_pl0_dm128_nh8_el3_dl1_df256_expand2_dc4_fc1_ebtimeF_dtTrue_Exp_0  
accuracy:0.16666666666666666
f1_micro:0.16666666666666666
f1_macro:0.11666666666666665
f1_weighted:0.15277777777777776
ece:0.36499980092048645
nll:1.7204502820968628
brier:0.172357976436615

